              precision    recall  f1-score   support

          ka       1.00      1.00      1.00       300
         kha       1.00      1.00      1.00       300
          ga       1.00      1.00      1.00       300
         gha       0.98      0.99      0.98       300
         nga       1.00      0.99      1.00       300
         cha       1.00      1.00      1.00       300
        chha       1.00      0.98      0.99       300
          ja       1.00      1.00      1.00       300
         jha       1.00      1.00      1.00       300
         nya       1.00      1.00      1.00       300
          ta       1.00      0.99      0.99       300
         tha       0.99      1.00      0.99       300
          da       0.99      1.00      1.00       300
         dha       0.99      0.99      0.99       300
          na       1.00      1.00      1.00       300
         taa       0.98      1.00      0.99       300
        thaa       0.99      1.00      0.99       300
         daa       0.99      0.98      0.99       300
        dhaa       1.00      0.98      0.99       300
         naa       1.00      0.99      1.00       300
          pa       0.99      1.00      1.00       300
         pha       1.00      1.00      1.00       300
          ba       0.98      0.98      0.98       300
         bha       1.00      0.99      0.99       300
          ma       1.00      1.00      1.00       300
          ya       0.99      1.00      1.00       300
          ra       0.99      1.00      0.99       300
          la       1.00      1.00      1.00       300
          va       0.97      0.98      0.98       300
         sha       1.00      1.00      1.00       300
        shha       1.00      0.99      0.99       300
          sa       0.99      0.99      0.99       300
          ha       1.00      1.00      1.00       300
        ksha       1.00      1.00      1.00       300
         tra       1.00      0.99      0.99       300
         gya       1.00      0.99      1.00       300
           0       1.00      1.00      1.00       300
           1       1.00      1.00      1.00       300
           2       1.00      1.00      1.00       300
           3       1.00      1.00      1.00       300
           4       1.00      1.00      1.00       300
           5       1.00      0.99      1.00       300
           6       1.00      1.00      1.00       300
           7       1.00      1.00      1.00       300
           8       1.00      1.00      1.00       300
           9       1.00      1.00      1.00       300

    accuracy                           0.99     13800
   macro avg       0.99      0.99      0.99     13800
weighted avg       0.99      0.99      0.99     13800
